<?xml version="1.0"?>
<opencv_storage>
<cam_corners type_id="opencv-matrix">
  <rows>1296</rows>
  <cols>2</cols>
  <dt>f</dt>
  <data>
    2.09655197e+002 1.69644897e+002 2.23193512e+002 1.69404465e+002
    2.36385635e+002 1.69058716e+002 2.49552414e+002 1.68716187e+002
    2.62437500e+002 1.68555283e+002 2.75575653e+002 1.68405655e+002
    2.93839539e+002 1.67516739e+002 2.93842377e+002 1.67516663e+002
    3.13636841e+002 1.73444397e+002 2.10317566e+002 1.82770981e+002
    2.23540314e+002 1.82553146e+002 2.36735107e+002 1.82310410e+002
    2.49827621e+002 1.81675125e+002 2.62755219e+002 1.81537262e+002
    2.75471924e+002 1.81067413e+002 2.88751648e+002 1.80557220e+002
    3.07373474e+002 1.85826416e+002 3.14050507e+002 1.73706985e+002
    2.10610779e+002 1.96198273e+002 2.24146912e+002 1.95607315e+002
    2.37295517e+002 1.95307922e+002 2.50419647e+002 1.94788406e+002
    2.63223206e+002 1.94459671e+002 2.75960175e+002 1.94131973e+002
    2.83216522e+002 1.93684189e+002 3.06358063e+002 1.99401337e+002
    3.06376831e+002 1.99372345e+002 2.11297897e+002 2.09431580e+002
    2.24496613e+002 2.08858032e+002 2.37583771e+002 2.08520004e+002
    2.50512451e+002 2.07820160e+002 2.63477814e+002 2.07521912e+002
    2.82798615e+002 2.06680908e+002 2.82801208e+002 2.06680222e+002
    3.06360718e+002 1.99418198e+002 3.06426514e+002 1.99399506e+002
    2.11558655e+002 2.22569122e+002 2.25020935e+002 2.21776352e+002
    2.37826584e+002 2.21427078e+002 2.51032639e+002 2.20754227e+002
    2.57179901e+002 2.20527603e+002 2.76605957e+002 2.19657837e+002
    2.95398224e+002 2.19005630e+002 2.95425354e+002 2.11908478e+002
    3.15270142e+002 2.24863663e+002 2.12180573e+002 2.35579468e+002
    2.25364120e+002 2.35107391e+002 2.38552917e+002 2.40362839e+002
    2.51529221e+002 2.33734100e+002 2.70125702e+002 2.39429428e+002
    2.70170074e+002 2.39381271e+002 2.95295044e+002 2.25740967e+002
    2.94613220e+002 2.37629333e+002 3.15269196e+002 2.24868179e+002
    2.12475418e+002 2.48691223e+002 2.25629761e+002 2.47760498e+002
    2.38528015e+002 2.47192001e+002 2.51566299e+002 2.46383316e+002
    2.64626709e+002 2.45870026e+002 2.83340332e+002 2.51030334e+002
    2.83722565e+002 2.38440857e+002 3.08368011e+002 2.50555695e+002
    3.15702667e+002 2.49666733e+002 2.12915131e+002 2.61547119e+002
    2.26029175e+002 2.60821381e+002 2.39341934e+002 2.66408081e+002
    2.58778381e+002 2.65104340e+002 2.64562012e+002 2.51684570e+002
    2.82536102e+002 2.64048065e+002 2.82536346e+002 2.64047668e+002
    3.08181244e+002 2.62303955e+002 3.17953308e+002 2.61473816e+002
    2.13441071e+002 2.74451019e+002 2.26397736e+002 2.75567169e+002
    2.39342361e+002 2.66420135e+002 2.52242508e+002 2.74326843e+002
    2.71334717e+002 2.64452057e+002 2.82535095e+002 2.64050262e+002
    2.96371002e+002 2.63349976e+002 2.96371429e+002 2.63351349e+002
    3.17953827e+002 2.61476044e+002 1.84963516e+002 1.65923859e+002
    2.04765045e+002 1.66379974e+002 2.16462067e+002 1.66548874e+002
    2.28559036e+002 1.66613724e+002 2.40323746e+002 1.67233154e+002
    2.50723816e+002 1.67162109e+002 2.50724884e+002 1.67161972e+002
    2.60832428e+002 1.67486053e+002 2.70313904e+002 1.67462631e+002
    1.86711624e+002 1.81755173e+002 2.05615921e+002 1.81672150e+002
    2.18495193e+002 1.81246872e+002 2.30130280e+002 1.81214462e+002
    2.41664841e+002 1.80932205e+002 2.52239410e+002 1.80709991e+002
    2.52240005e+002 1.80709946e+002 2.62717010e+002 1.80457855e+002
    2.72446075e+002 1.80424210e+002 1.88232239e+002 1.97633835e+002
    2.07592911e+002 1.96609055e+002 2.19938446e+002 1.96110519e+002
    2.31823547e+002 1.95557068e+002 2.31825348e+002 1.95557358e+002
    2.53564667e+002 1.94420013e+002 2.53565216e+002 1.94419968e+002
    2.63780396e+002 1.94101089e+002 2.73634613e+002 1.93392090e+002
    1.89962173e+002 2.13765213e+002 2.09721222e+002 2.12048096e+002
    2.21375900e+002 2.11012390e+002 2.33390076e+002 2.10009796e+002
    2.33391678e+002 2.10009857e+002 2.54776764e+002 2.08192276e+002
    2.54777878e+002 2.08192413e+002 2.65353180e+002 2.07341187e+002
    2.75033356e+002 2.06678909e+002 1.91534882e+002 2.29775299e+002
    2.05339844e+002 2.28309860e+002 2.22770798e+002 2.26191315e+002
    2.35030762e+002 2.24590607e+002 2.46120834e+002 2.23485138e+002
    2.46122620e+002 2.23485001e+002 2.56217682e+002 2.21850647e+002
    2.66963531e+002 2.20907013e+002 2.77252869e+002 2.26818008e+002
    1.93155258e+002 2.46043793e+002 2.06854507e+002 2.43782791e+002
    2.24383804e+002 2.41073349e+002 2.36733276e+002 2.39358170e+002
    2.47351669e+002 2.37444092e+002 2.47352722e+002 2.37443878e+002
    2.57582794e+002 2.35921753e+002 2.68552734e+002 2.34236008e+002
    2.77903351e+002 2.33486786e+002 1.94811066e+002 2.62208221e+002
    2.08346710e+002 2.59560242e+002 2.25815872e+002 2.56297546e+002
    2.38300980e+002 2.53705490e+002 2.48908966e+002 2.51846786e+002
    2.48911148e+002 2.51846420e+002 2.59467194e+002 2.49671783e+002
    2.69720978e+002 2.48499054e+002 2.80083374e+002 2.52844818e+002
    1.96295380e+002 2.78528351e+002 2.09677780e+002 2.75400818e+002
    2.27826096e+002 2.71231110e+002 2.39513580e+002 2.68652069e+002
    2.50483765e+002 2.66128571e+002 2.50484818e+002 2.66127991e+002
    2.60959351e+002 2.64138275e+002 2.71316284e+002 2.61649109e+002
    2.81366455e+002 2.62799957e+002 1.97889832e+002 2.94770050e+002
    2.11400452e+002 2.91268036e+002 2.29269867e+002 2.86572693e+002
    2.40652847e+002 2.83384735e+002 2.51837845e+002 2.80727173e+002
    2.51839447e+002 2.80727783e+002 2.62512604e+002 2.77368469e+002
    2.72450775e+002 2.75522308e+002 2.81662415e+002 2.65326752e+002
    3.26356445e+002 1.65746033e+002 3.25409058e+002 1.79477722e+002
    3.25419128e+002 1.93782288e+002 3.24949738e+002 2.08198196e+002
    3.24625397e+002 2.22634888e+002 3.24163635e+002 2.37144623e+002
    3.23590637e+002 2.51858887e+002 3.23395569e+002 2.66656860e+002
    3.23182709e+002 2.81718903e+002 3.12678802e+002 1.66545258e+002
    3.12115845e+002 1.80297028e+002 3.11553955e+002 1.94295746e+002
    3.11336243e+002 2.08370193e+002 3.10967041e+002 2.22427231e+002
    3.10343201e+002 2.36684753e+002 3.09865753e+002 2.51064636e+002
    3.09566650e+002 2.65657562e+002 3.09359406e+002 2.80280548e+002
    2.94540558e+002 1.67752167e+002 2.94206940e+002 1.81375931e+002
    2.93728455e+002 1.94584427e+002 2.98129852e+002 2.08429199e+002
    2.92786560e+002 2.22259964e+002 2.97304596e+002 2.36350357e+002
    2.91328125e+002 2.49899872e+002 2.96331512e+002 2.64614624e+002
    2.96006714e+002 2.78948212e+002 2.81716095e+002 1.68731186e+002
    2.81430084e+002 1.81698288e+002 2.80589539e+002 1.95245438e+002
    2.80277893e+002 2.08446869e+002 2.79946289e+002 2.22119461e+002
    2.78718109e+002 2.35574234e+002 2.78671631e+002 2.49511505e+002
    2.77613129e+002 2.63123596e+002 2.77703918e+002 2.77236328e+002
    2.70323273e+002 1.69558823e+002 2.69649719e+002 1.82376404e+002
    2.69254852e+002 1.95405533e+002 2.80275543e+002 2.08446823e+002
    2.79941040e+002 2.22122040e+002 2.67583008e+002 2.35479843e+002
    2.66765137e+002 2.48721725e+002 2.66401947e+002 2.62410919e+002
    2.65825897e+002 2.75934937e+002 2.59349762e+002 1.67274506e+002
    2.58397308e+002 1.77549850e+002 2.58241028e+002 1.88945786e+002
    2.57229889e+002 2.08208160e+002 2.56416351e+002 2.21668091e+002
    2.55887283e+002 2.34651337e+002 2.55482773e+002 2.48238251e+002
    2.54641663e+002 2.61354156e+002 2.65822723e+002 2.75934448e+002
    2.47644058e+002 1.77728317e+002 2.58397308e+002 1.77549896e+002
    2.47176651e+002 1.89876343e+002 2.57229706e+002 2.08206482e+002
    2.45286575e+002 2.21375366e+002 2.44357056e+002 2.34640274e+002
    2.55481903e+002 2.48238251e+002 2.43643539e+002 2.60775543e+002
    2.43041122e+002 2.73656616e+002 2.48250473e+002 1.70232086e+002
