<?xml version="1.0"?>
<opencv_storage>
<cam_translation_vector_all type_id="opencv-matrix">
  <rows>16</rows>
  <cols>3</cols>
  <dt>f</dt>
  <data>
    -1.74819214e+002 -1.15324234e+002 1.21549915e+003 -2.02588348e+002
    -1.13732330e+002 9.87748230e+002 2.24852081e+002 -1.26590897e+002
    1.08874561e+003 2.47882538e+002 3.22809082e+002 1.20249780e+003
    1.56554810e+002 3.24537842e+002 1.09931311e+003 2.47507751e+002
    2.89530548e+002 9.49278137e+002 -2.64120819e+002 -8.75887146e+001
    7.69211365e+002 1.77512802e+002 2.79368286e+002 8.47615784e+002
    1.72254929e+002 2.84990326e+002 6.04419312e+002 -3.49002441e+002
    -9.83128204e+001 5.66467957e+002 1.99845474e+002 -1.17459419e+002
    7.28644470e+002 3.48240112e+002 -3.50020370e+001 7.89589661e+002
    1.82647369e+002 3.13522919e+002 6.92217712e+002 -3.61470856e+002
    -1.18540131e+002 1.45657837e+003 1.90386719e+002 2.71176605e+002
    1.37819446e+003 1.65460327e+002 2.79756927e+002 1.41874512e+003</data></cam_translation_vector_all>
</opencv_storage>
