<?xml version="1.0"?>
<opencv_storage>
<cam_rotation_all type_id="opencv-matrix">
  <rows>16</rows>
  <cols>3</cols>
  <dt>f</dt>
  <data>
    2.21688747e+000 2.13745594e+000 2.05954760e-001 1.74636722e+000
    1.62964106e+000 6.91227555e-001 1.80101171e-002 -2.48469090e+000
    1.12617485e-001 1.69912446e+000 -1.48772478e+000 7.15647265e-002
    1.92115295e+000 -2.18465996e+000 9.04360592e-001 -2.09887385e+000
    2.19216251e+000 3.77750814e-001 1.96430540e+000 2.01579833e+000
    7.97252476e-001 2.00862360e+000 -2.08822274e+000 -4.47625428e-001
    2.13741088e+000 -2.20331788e+000 8.43428820e-002 1.91451502e+000
    1.76808536e+000 4.78194118e-001 -2.84067988e-002 -2.91134644e+000
    7.82240853e-002 8.09638873e-002 -2.71407533e+000 6.40844703e-001
    2.00559568e+000 -2.17022705e+000 6.22624099e-001 1.86412442e+000
    1.71453857e+000 2.28096426e-001 1.81978679e+000 -1.74909830e+000
    -3.62928867e-001 1.91262865e+000 -1.96976840e+000 -7.61646926e-001</data></cam_rotation_all>
</opencv_storage>
